57.8, 40.4, 741.0
62.9, 40.6, 741.0
68.2, 40.8, 741.0
73.6, 40.9, 741.0
79.0, 41.0, 741.0
84.5, 41.0, 741.0
90.0, 40.9, 741.0
95.5, 40.6, 741.0
101.0, 40.3, 741.0
106.4, 39.7, 741.0
111.8, 39.0, 741.0
117.1, 38.1, 741.0
122.3, 37.0, 741.0
127.3, 35.6, 741.0
132.2, 33.9, 741.0
136.9, 32.0, 741.0
141.4, 29.7, 741.0
145.6, 27.1, 741.0
149.6, 24.2, 741.0
153.3, 20.9, 741.0
156.7, 17.2, 741.0
156.7, 17.2, 741.0
158.8, 14.3, 741.0
160.3, 11.1, 741.0
161.4, 7.7, 741.0
162.1, 4.1, 741.0
162.4, 0.3, 741.0
162.3, -3.6, 741.0
161.9, -7.6, 741.0
161.1, -11.6, 741.0
160.0, -15.6, 741.0
158.5, -19.7, 741.0
156.8, -23.6, 741.0
154.9, -27.4, 741.0
152.7, -31.1, 741.0
150.3, -34.6, 741.0
147.7, -37.9, 741.0
144.9, -40.9, 741.0
142.0, -43.6, 741.0
139.0, -45.9, 741.0
135.8, -47.8, 741.0
132.5, -49.3, 741.0
132.5, -49.3, 741.0
125.3, -52.1, 741.0
117.8, -54.6, 741.0
110.2, -57.0, 741.0
102.5, -59.2, 741.0
94.7, -61.1, 741.0
86.7, -62.8, 741.0
78.8, -64.3, 741.0
70.7, -65.5, 741.0
62.7, -66.4, 741.0
54.6, -67.0, 741.0
46.5, -67.2, 741.0
38.5, -67.2, 741.0
30.6, -66.8, 741.0
22.7, -66.0, 741.0
15.0, -64.8, 741.0
7.3, -63.2, 741.0
-0.2, -61.3, 741.0
-7.5, -58.8, 741.0
-14.7, -56.0, 741.0
-21.6, -52.6, 741.0
-21.6, -52.6, 741.0
-25.1, -50.3, 741.0
-28.2, -47.4, 741.0
-31.0, -43.9, 741.0
-33.3, -39.8, 741.0
-35.3, -35.3, 741.0
-37.0, -30.5, 741.0
-38.2, -25.4, 741.0
-39.1, -20.1, 741.0
-39.6, -14.7, 741.0
-39.7, -9.3, 741.0
-39.4, -3.9, 741.0
-38.8, 1.4, 741.0
-37.7, 6.6, 741.0
-36.3, 11.4, 741.0
-34.5, 15.9, 741.0
-32.3, 20.0, 741.0
-29.7, 23.5, 741.0
-26.7, 26.5, 741.0
-23.3, 28.8, 741.0
-19.6, 30.4, 741.0
-19.6, 30.4, 741.0
-12.6, 32.2, 741.0
-5.6, 33.3, 741.0
1.5, 33.9, 741.0
8.6, 33.9, 741.0
15.7, 33.4, 741.0
22.9, 32.4, 741.0
30.0, 31.0, 741.0
37.2, 29.2, 741.0
44.3, 27.0, 741.0
51.4, 24.5, 741.0
58.5, 21.7, 741.0
65.6, 18.6, 741.0
72.6, 15.4, 741.0
79.5, 12.0, 741.0
86.3, 8.4, 741.0
93.1, 4.7, 741.0
99.7, 1.0, 741.0
106.3, -2.8, 741.0
112.7, -6.5, 741.0
119.0, -10.2, 741.0
